251.510262364146,-142.049246600077
254.978409583464,-146.221789476278
255.272870836601,-146.742573806113
255.590206837082,-147.304719471065
255.930238211037,-147.907610681078
256.292688462756,-148.55024142506
256.677216845141,-149.231244878281
257.077827569617,-149.948932544908
257.498570476668,-150.701341274686
257.927689484318,-151.486285983037
258.373569275161,-152.301415733581
258.835496772037,-153.144270816184
259.312854925906,-154.012338565361
259.80514482464,-154.903105896534
260.306375607617,-155.81410686658
260.820739074104,-156.742963960258
261.347978901238,-157.687422233275
261.887972841045,-158.64537587422
262.429475648925,-159.614887153082
262.981440979054,-160.59419808037
263.538117201261,-161.58173539133
264.098245588159,-162.576109684999
264.666085916715,-163.576109684999
265.236780938244,-164.576109684999
265.805369347956,-165.576109684999
266.381429422697,-166.576109684999
266.959834983274,-167.576109684999
267.539989701782,-168.576109684999
268.121262241491,-169.576109684999
268.703005679697,-170.576109684999
269.278951505626,-171.576109684999
269.853937153206,-172.576109684999
270.432843179701,-173.576109684999
271.01515365997,-174.576109684999
271.590384871716,-175.576109684999
272.152557554356,-176.576109684999
272.715866048337,-177.576109684999
273.275371315916,-178.576109684999
273.830801367545,-179.576109684999
274.386547411067,-180.576109684999
274.94264800736,-181.576109684999
275.494779700539,-182.576109684999
276.048880441209,-183.576109684999
276.600888292965,-184.576109684999
277.152404392498,-185.576109684999
277.699437973211,-186.576109684999
278.248067242557,-187.576109684999
278.79979963811,-188.576109684999
279.360731879607,-189.576109684999
279.921280791505,-190.576109684999
280.491043050092,-191.576109684999
281.064917861098,-192.576109684999
281.633122318712,-193.576109684999
282.205844669944,-194.576109684999
282.778345716355,-195.576109684999
283.360376289665,-196.576109684999
283.946916448926,-197.576109684999
284.538438238005,-198.576109684999
285.129674318443,-199.576109684999
285.734475070004,-200.576109684999
286.341934283028,-201.576109684999
286.956918869677,-202.576109684999
287.57317477599,-203.576109684999
288.190058039003,-204.576109684999
288.802349111165,-205.576109684999
289.419493201641,-206.576109684999
290.036362680246,-207.576109684999
290.64790687423,-208.570483978669
291.258170346021,-209.558021289629
291.861078466678,-210.537332216917
292.460684158608,-211.506843495779
293.055484919925,-212.464797136724
293.639445042477,-213.409255409741
294.212026599964,-214.338112503419
294.772557837837,-215.249113473465
295.324814917139,-216.139880804638
295.871557044977,-217.007948553815
296.40093099736,-217.850803636418
296.912191276082,-218.665933386962
297.409055553421,-219.450878095313
297.885101719802,-220.203286825091
298.339471481896,-220.920974491718
298.771288234875,-221.601977944939
299.179703912525,-222.244608688921
299.563946380359,-222.847499898934
299.923364656215,-223.409645563886
300.262052405663,-223.930429893721
302.6699718907,-228.221789476278
302.939383401972,-228.742573806113
303.227642715101,-229.304719471065
303.539779554742,-229.907610681078
303.876163596715,-230.55024142506
304.237097100289,-231.231244878281
304.611573500397,-231.948932544908
305.00861857369,-232.701341274686
305.422407511739,-233.486285983037
305.851484859748,-234.301415733581
306.299811111086,-235.144270816184
306.766729433198,-236.012338565361
307.245943074233,-236.903105896534
307.741201892466,-237.81410686658
308.246064767688,-238.742963960258
308.764172660939,-239.687422233275
309.294640148788,-240.64537587422
309.831039909759,-241.614887153082
310.371469289995,-242.59419808037
310.919607936583,-243.58173539133
311.474693190388,-244.576109684999
312.024877127124,-245.576109684999
312.573997027523,-246.576109684999
313.111127901094,-247.576109684999
313.645487036959,-248.576109684999
314.186363247471,-249.576109684999
314.723042747495,-250.576109684999
315.259703847077,-251.576109684999
315.790579512447,-252.576109684999
316.316667288533,-253.576109684999
316.827820719799,-254.576109684999
317.338672029889,-255.576109684999
317.833483896048,-256.576109684999
318.331484230642,-257.576109684999
318.81708166785,-258.576109684999
319.290407964197,-259.576109684999
319.761687945946,-260.576109684999
320.22656308833,-261.576109684999
320.686350950953,-262.576109684999
321.135762353978,-263.576109684999
321.573982659733,-264.576109684999
322.00674527107,-265.576109684999
322.42962623376,-266.576109684999
322.847265624892,-267.576109684999
323.254153326649,-268.576109684999
323.650298464497,-269.570483978669
324.035609292717,-270.558021289629
324.419066587815,-271.537332216917
324.789461854362,-272.506843495779
325.151319195236,-273.464797136724
325.503601924279,-274.409255409741
325.840754612458,-275.338112503419
326.162756528444,-276.249113473465
326.474095893164,-277.139880804638
326.76915422566,-278.007948553815
327.052475123307,-278.850803636418
327.318524906235,-279.665933386962
327.567379282251,-280.450878095313
327.80370203601,-281.203286825091
328.026713365602,-281.920974491717
328.231237620658,-282.601977944939
328.417757296076,-283.244608688921
328.595965388237,-283.847499898934
328.755503934747,-284.409645563885
328.906464305204,-284.930429893721
330.749151451863,-289.221789476277
330.907918521052,-289.742573806113
331.084590165355,-290.304719471065
331.274110227798,-290.907610681078
331.475777481313,-291.55024142506
331.688668745589,-292.231244878281
331.917277547135,-292.948932544908
332.155867691887,-293.701341274686
332.403131138521,-294.486285983037
332.66325690565,-295.301415733581
332.930294086445,-296.144270816184
333.202814919713,-297.012338565361
333.47935873813,-297.903105896534
333.758457191437,-298.81410686658
334.044282649431,-299.742963960258
334.331001952995,-300.687422233275
334.623051004028,-301.645375874219
334.914894875639,-302.614887153082
335.205665190477,-303.59419808037
335.494574244552,-304.58173539133
335.780908014648,-305.576109684999
336.069641691888,-306.576109684999
336.36034450235,-307.576109684999
336.642580609407,-308.576109684999
336.92723432238,-309.576109684999
337.204953734125,-310.576109684999
337.486655365414,-311.576109684999
337.761968749328,-312.576109684999
338.036189108242,-313.576109684999
338.305431772781,-314.576109684999
338.574807748403,-315.576109684999
338.83920782359,-316.576109684999
339.108137578729,-317.576109684999
339.381035724011,-318.576109684999
339.642684304528,-319.576109684999
339.903555488409,-320.576109684999
340.163896386174,-321.576109684999
340.423950950014,-322.576109685
340.682931159762,-323.576109684999
340.944644234664,-324.576109684999
341.199318606495,-325.576109684999
341.447249471861,-326.576109685
341.703396635773,-327.576109684999
341.95246384797,-328.576109685
342.205084872012,-329.576109685
342.450655771167,-330.576109684999
342.698881139857,-331.576109684999
342.934674596121,-332.576109684999
343.173293606903,-333.576109684999
343.409781421215,-334.576109684999
343.633590777707,-335.576109685
343.859914952787,-336.576109684999
344.089337546916,-337.576109684999
344.322625718103,-338.576109684999
344.549478265684,-339.576109684999
344.775271604641,-340.576109684999
345.006424619562,-341.570483978669
345.233691395318,-342.558021289629
345.462461591957,-343.537332216917
345.692500069842,-344.506843495779
345.92356051,-345.464797136724
346.155373291768,-346.409255409741
346.383050863629,-347.338112503419
346.611712566534,-348.249113473465
346.840811456253,-349.139880804638
347.0651708744,-350.007948553815
347.289615608019,-350.850803636418
347.508723016064,-351.665933386962
347.731669259302,-352.450878095313
347.947351520319,-353.203286825091
348.160321899572,-353.920974491717
348.369507846338,-354.601977944939
348.573852178193,-355.244608688921
348.772329485298,-355.847499898934
348.959381165681,-356.409645563885
349.144152787208,-356.930429893721
349.315630490782,-357.409645563886
349.363437030701,-361.81905497996
349.457072600113,-362.292256782025
349.557468250056,-362.804814728189
349.664273381123,-363.356337630105
349.777033490787,-363.946049401052
349.895198661264,-364.572811941286
350.018134710605,-365.235158894604
350.145136431897,-365.931338791509
350.275442270332,-366.659365647584
350.408249765496,-367.41707475298
350.537105409119,-368.202181190436
350.671211310976,-369.012338565361
350.799515169025,-369.845195522282
350.931234296893,-370.698447847181
351.060986692819,-371.569884295711
351.188021549217,-372.457424716452
351.306021006522,-373.359149524523
351.42440048941,-374.273320090078
351.532391610821,-375.198390104378
351.633933027533,-376.133008442303
351.728459683037,-377.076014427876
351.815492812042,-378.026426709088
351.889020492068,-378.978844181317
351.957751764875,-379.933478941018
352.016895316032,-380.895106231778
352.057173996507,-381.858422018373
352.08847410409,-382.823700955222
352.104967594939,-383.791164976648
352.100782179503,-384.760979934455
352.091297541089,-385.733254602396
352.066143291683,-386.708041935822
352.039921433588,-387.685342353826
351.992482193336,-388.665108714954
351.923899499279,-389.647252591321
351.848847062952,-390.631651411982
351.756249496843,-391.618156044055
351.64624142891,-392.606598406137
351.524545680902,-393.596798757712
351.391396195077,-394.58294666771
351.247168350407,-395.563646995959
351.09696496804,-396.537332216917
350.931398855336,-397.506843495779
350.752307876059,-398.464797136724
350.566095368611,-399.409255409741
350.373684838121,-400.338112503419
350.176135830426,-401.249113473465
349.974629412897,-402.139880804638
349.77044914862,-403.007948553815
349.56495796007,-403.850803636418
349.359571492438,-404.665933386962
349.155728785644,-405.450878095313
348.959444201068,-406.203286825091
348.762057297786,-406.920974491717
348.57508423748,-407.601977944939
348.389679341072,-408.244608688921
348.212534684918,-408.847499898934
348.044567631413,-409.409645563886
347.891113132299,-409.930429893721
345.530520984863,-413.983792294697
345.240293055248,-414.415577594578
344.934439139843,-414.868490590703
344.614881052561,-415.339449549893
344.283871598072,-415.824935376478
343.943949912728,-416.321068580244
343.597885015049,-416.823700955222
343.248609557167,-417.328518414778
342.899146348043,-417.831150789755
342.552530664042,-418.327283993521
342.211731637648,-418.812769820106
341.879576097492,-419.283728779296
341.558678113864,-419.736641775421
341.251377189924,-420.168427075302
336.870959655941,-417.083022740806
336.513032188385,-416.683078814024
336.132366980325,-416.243992898866
335.735608206816,-415.765185694202
335.319457168548,-415.246437814623
334.896496259309,-414.687896565603
334.464834676311,-414.090072698339
334.027269422041,-413.453827249903
333.581018862197,-412.780349023183
333.133332727117,-412.071123678022
332.686807411053,-411.327895763914
332.238300392017,-410.552625303943
331.794560605689,-409.74744072373
331.357568139941,-408.914589999799
330.929101255831,-408.05639187814
330.505103102805,-407.175188892748
330.091347453596,-406.273303708887
329.683186464697,-405.353000045217
329.291440068045,-404.416449114526
328.906491039474,-403.465702187846
328.538818300558,-402.502669553685
328.178514486161,-401.529105833245
327.840404851426,-400.551184306919
327.513512310865,-399.564858272339
327.201576792221,-398.576109684999
326.90384478844,-397.576109685
326.614031553542,-396.576109684999
326.335988863638,-395.576109685
326.063445624592,-394.576109684999
325.801299493122,-393.576109684999
325.539743676192,-392.576109684999
325.282495174157,-391.576109685
325.033204512239,-390.576109684999
324.780823795112,-389.576109685
324.530953983373,-388.576109684999
324.289156490705,-387.576109685
324.054474565189,-386.576109684999
323.815899524122,-385.576109684999
323.577050591959,-384.576109684999
323.331337310342,-383.576109684999
323.087841226631,-382.576109684999
322.83081637889,-381.576109684999
322.574843945596,-380.58173539133
322.31887904451,-379.59419808037
322.057513416238,-378.614887153082
321.795619268234,-377.645375874219
321.523524449001,-376.687422233275
321.247328712639,-375.742963960258
320.967626096975,-374.81410686658
320.689722750678,-373.903105896534
320.409005057896,-373.012338565361
320.126601265674,-372.144270816184
319.848329200574,-371.301415733581
319.570045853444,-370.486285983037
319.293291359101,-369.701341274686
319.019637721463,-368.948932544908
318.755243176489,-368.231244878281
318.496185930345,-367.55024142506
318.248679297013,-366.907610681078
318.004194852264,-366.304719471065
317.774314411598,-365.742573806113
317.550193691489,-365.221789476277
317.494874263305,-360.930429893721
317.319499297539,-360.409645563886
317.126989345896,-359.847499898934
316.916788620189,-359.244608688921
316.693968718626,-358.601977944939
316.453547544645,-357.920974491717
316.206358558358,-357.203286825091
315.948744841569,-356.450878095313
315.676143645971,-355.665933386962
315.388533733181,-354.850803636418
315.091457200272,-354.007948553815
314.785960800301,-353.139880804638
314.473173292846,-352.249113473465
314.148674461463,-351.338112503419
313.818155683789,-350.409255409741
313.477155805002,-349.464797136724
313.131307074114,-348.506843495779
312.781699067456,-347.537332216917
312.423835336187,-346.558021289629
312.063298065047,-345.570483978669
311.695487422571,-344.576109684999
311.320244753399,-343.576109684999
310.953093667582,-342.576109684999
310.580307984802,-341.576109684999
310.213015363818,-340.576109684999
309.845647503622,-339.576109684999
309.472636395919,-338.576109684999
309.099485309449,-337.576109684999
308.726052014581,-336.576109684999
308.341958920569,-335.576109684999
307.956889165098,-334.576109684999
307.575912242819,-333.576109684999
307.199655987985,-332.576109684999
306.823279218614,-331.576109684999
306.446525804676,-330.576109684999
306.058934790277,-329.576109684999
305.670143557959,-328.576109684999
305.289801474534,-327.576109684999
304.908526088154,-326.576109684999
304.521549699735,-325.576109684999
304.128563127521,-324.576109684999
303.73475871507,-323.576109684999
303.345373871091,-322.576109684999
302.960232472691,-321.576109684999
302.573738829067,-320.576109684999
302.180324580095,-319.576109684999
301.784477535025,-318.576109684999
301.381514141405,-317.576109684999
300.977832608965,-316.576109685
300.578794963873,-315.576109684999
300.178682327461,-314.576109684999
299.783022519704,-313.576109684999
299.382710015289,-312.576109684999
298.977644399606,-311.576109685
298.577768763046,-310.576109684999
298.172766683582,-309.576109684999
297.772568785089,-308.576109684999
297.366842146949,-307.576109684999
296.955289404463,-306.576109685
296.542023726902,-305.576109684999
296.120936950326,-304.576109685
295.707204648165,-303.576109684999
295.290285126592,-302.576109684999
294.865269108906,-301.58173539133
294.438356071337,-300.59419808037
294.010167604598,-299.614887153082
293.585976795772,-298.645375874219
293.165673962903,-297.687422233275
292.744809828729,-296.742963960258
292.329225832088,-295.81410686658
291.919379119286,-294.903105896534
291.515952278425,-294.012338565361
291.110664759376,-293.144270816184
290.710931943698,-292.301415733581
290.31855495737,-291.486285983037
289.939905905565,-290.701341274685
289.575847606953,-289.948932544908
289.227313975577,-289.231244878282
288.886095742971,-288.55024142506
288.559479478327,-287.907610681078
288.253507734365,-287.304719471065
287.968524928437,-286.742573806113
287.70018389811,-286.221789476278
285.549011237466,-281.930429893721
285.24007175246,-281.409645563886
284.91039021643,-280.847499898934
284.555303909266,-280.244608688921
284.174857464041,-279.60760365127
283.769199266452,-278.933437180758
283.338558709008,-278.223975897803
282.883222766261,-277.481366816451
282.403513333586,-276.707979746018
281.899766682928,-275.906345363401
281.372316209425,-275.079091460137
280.821479387815,-274.228879834592
280.247549547572,-273.358346142291
279.66204414712,-272.470044754242
279.056374957135,-271.566400327138
278.431119909589,-270.64966738618
277.786859837391,-269.727524493758
277.129807771953,-268.80301188251
276.46177235854,-267.879111091085
275.784753034645,-266.958746714668
275.100946733638,-266.044791489294
274.412747545725,-265.140072750245
273.727321104558,-264.251961201628
273.041951484845,-263.382321566699
272.364261290097,-262.533122895197
271.696496536486,-261.706416481136
271.041093771473,-260.904306943594
270.396031252227,-260.128916727019
269.769393701815,-259.382344727907
269.154469313902,-258.666620211534
268.564574775311,-257.983653608059
267.997074930336,-257.335186133411
267.45920729011,-256.722740431622
266.952361582737,-256.147574553668
266.477658285167,-255.61064155529
266.035910895056,-255.112556807451
265.634242254236,-254.64354192448
263.921410030724,-259.139616577905
263.945531722052,-259.587428210174
263.969818812237,-260.075684148994
264.000499880519,-260.603646161029
264.033741675292,-261.170146323227
264.070270298792,-261.773616590125
264.116402560212,-262.412130101337
264.162745791822,-263.083452803482
264.220115552425,-263.785103608414
264.279019081802,-264.514421054571
264.344529993615,-265.268634281184
264.417060292299,-266.044936058584
264.496930879603,-266.840555628766
264.584355220971,-267.652829182526
264.679418722074,-268.473640210531
264.782054046218,-269.299519370126
264.892013335234,-270.127103600017
265.00883903543,-270.953172448277
265.131835690514,-271.774678354096
265.260045560639,-272.588770778379
265.39223118747,-273.392814234396
265.526867996145,-274.184400399926
265.666732646443,-274.95677163815
265.808870742948,-275.708874804165
265.950244567208,-276.439746331969
266.078604248241,-277.14851987696
266.201810501054,-277.834430756656
266.307405182619,-278.496817367929
266.403209793162,-279.135119974393
266.481494559162,-279.748877439169
266.535780768337,-280.337722608447
266.565356132143,-280.901377117095
266.574324148523,-281.439646381728
266.577989601386,-281.972270363951
268.232640967922,-286.315570960179
268.332539600973,-286.890551511113
268.427164725375,-287.509144747085
268.520924760432,-288.170726618457
268.608210295953,-288.874278563937
268.688070880375,-289.618417055531
268.754046227137,-290.401432903339
268.804242527983,-291.221338457618
268.848021626311,-292.075920535545
268.885937609476,-292.962796729647
268.918934553184,-293.879472728749
268.942740831499,-294.823398393839
268.952290331736,-295.792020563784
268.947162707123,-296.782830894594
268.938214762819,-297.793407431019
268.916206344639,-298.821449038317
268.886646521782,-299.864802253469
268.85053565657,-300.921480520578
268.80890811842,-301.989676131469
268.75716784182,-303.067765483066
268.706344772263,-304.154308478376
268.647140928034,-305.248043035204
268.595001447097,-306.343292762856
268.536000181293,-307.440007310464
268.477394720097,-308.53813685115
268.410515385277,-309.637632248827
268.345669807878,-310.738445199404
268.272691236602,-311.840528344713
268.20604889701,-312.943835357756
268.140976284984,-314.048320998164
268.082918084997,-315.153941137039
268.027299157538,-316.260652750682
267.985423505697,-317.368413883014
267.953149966423,-318.477183576846
267.925524379968,-319.586921774452
267.903267134323,-320.697589188271
267.882546148069,-321.809147142858
267.873128939337,-322.921557389547
267.880336922213,-324.034781895597
267.884753467437,-325.148782609879
267.89153964048,-326.263521207481
267.915769226784,-327.37895881583
267.942051373835,-328.495055725225
267.969432786688,-329.611771086848
267.991998428645,-330.729062601553
268.019119986233,-331.846886202894
268.049752463712,-332.965195737964
268.087251593521,-334.08394264975
268.134983041244,-335.203075664777
268.171521506633,-336.322540489825
268.206717231498,-337.442279521525
268.241255320579,-338.562231572596
268.269236608683,-339.68233161841
268.298494008595,-340.802510567448
268.33262341207,-341.922695059082
268.3563877149,-343.042807291921
268.379635367357,-344.162764885737
268.396804336194,-345.282480779751
268.408211554305,-346.401863169755
268.414411658294,-347.520815486242
268.420751643817,-348.639236415399
268.418112878308,-349.757019964405
268.412119473019,-350.874055572147
268.403866301388,-351.990228266034
268.389863634913,-353.105418865178
268.376618783128,-354.2195042298
268.364922928355,-355.332357556282
268.354393417627,-356.443848716843
268.344472425233,-357.553844642403
268.340020196494,-358.662209746782
268.337715584512,-359.768806389938
268.344248876417,-360.873495377588
268.356101204629,-361.97613649415
268.36400512822,-363.076589065612
268.36744938714,-364.169086842252
268.380335167167,-365.252278746135
268.391698380478,-366.324636945655
268.410830592875,-367.38445175875
268.43137751371,-368.429831443017
268.44806511569,-369.458707834785
268.470304267623,-370.468848661908
268.496480427575,-371.457877139797
268.516026973659,-372.423299169657
268.538678186151,-373.362538101677
268.563119414511,-374.272976620497
268.588216868295,-375.152004878925
268.608411719264,-375.997073576912
268.623750304179,-376.805750287808
268.634252435736,-377.575777005296
268.635326582078,-378.305126651988
268.636990438872,-378.992056179279
268.628993990445,-379.635153914367
268.612170933062,-380.233378980935
268.596376635969,-380.786090930211
268.600731068466,-381.305391758373
268.839755122692,-385.158985665671
268.823642535673,-385.706700167709
268.80363468048,-386.291314022745
268.786086604147,-386.912251525958
268.761680395438,-387.56856165835
268.735706388507,-388.258947216279
268.71445440547,-388.981803589847
268.688492144069,-389.735265331998
268.66857975089,-390.517258351041
268.645152627869,-391.32555538969
268.628824925598,-392.157832428369
268.615503716077,-393.011723762737
268.605606003232,-393.88487373854
268.593849998477,-394.774983456192
268.579296161875,-395.679851152987
268.560756113007,-396.591779693905
268.54804004345,-397.513267995284
268.530626030156,-398.442396273555
268.518183779827,-399.377423489525
268.500083154561,-400.316796166445
268.48592276098,-401.259152322372
268.476294197121,-402.203321353239
268.470939671379,-403.143737720886
268.463145743322,-404.080487667947
268.446246727769,-405.01369007584
268.430335876023,-405.943502615007
268.405312269533,-406.870127054863
268.371194730457,-407.793813309216
268.332508054055,-408.714861826484
268.282615188984,-409.633623999855
268.236254312345,-410.550500368356
268.173356684382,-411.465936500262
268.094022914853,-412.38041658757
268.013941803078,-413.294454924037
267.928636545869,-414.208585578482
267.848518378095,-415.123350697999
267.758375762509,-416.039287972075
267.668960732572,-416.956917849892
267.570848464667,-417.876731123938
267.479522812773,-418.799177471564
267.37564201521,-419.72465548414
267.269170692157,-420.653504616526
267.160935568281,-421.585999365912
267.047200610884,-422.522345849341
266.923042394465,-423.462680804736
266.809259276812,-424.407072902453
266.690721324794,-425.355526133284
266.567953024837,-426.307984942476
266.445873932019,-427.264340712981
266.319157992439,-428.224439167099
266.198104457809,-429.188088253245
266.078337896125,-430.155066110509
265.955445851369,-431.125128752853
265.833993580342,-432.098017180416
265.72414937705,-433.073463700748
265.6261865692,-434.051197320665
265.535075151806,-435.035531110554
265.435734832467,-436.0207300957
265.349004100281,-437.006677711882
265.255208347124,-437.993250740486
265.175177941014,-438.980319975897
265.09485297559,-439.967750916266
265.015836169178,-440.955404474931
264.938516034831,-441.943137709666
264.866634721548,-442.93080456683
264.809500109616,-443.918256637343
264.747070674814,-444.905343921293
264.688451104443,-445.891915597886
264.626773080479,-446.877820797304
264.570675069626,-447.857283664614
264.518574429218,-448.828944261073
264.459708732043,-449.791266765676
264.403414516858,-450.742534479354
264.347816342995,-451.680849690956
264.281939855062,-452.60413936812
264.210432976127,-453.510167498949
264.127744231874,-454.396554695271
264.043021027616,-455.260805377796
263.94527917482,-456.100342507307
263.843958718349,-456.912549420693
263.728453474785,-457.694817899312
263.608647501371,-458.444601168203
263.483587400191,-459.159470129775
263.343556374366,-459.837170806921
263.199319459929,-460.475680738135
263.050757130783,-461.073261955819
262.88890405228,-461.628508205238
262.725164413886,-462.140384232194
262.580485265443,-462.616042070243
262.637678638264,-466.926367857734
262.666310128418,-467.473568022527
262.667490972356,-468.050020790052
262.63705387932,-468.655588594363
262.575640405898,-469.289913984601
262.484065376051,-469.95243328428
262.363260116257,-470.642396131872
262.214214398616,-471.358889700478
262.049171378752,-472.100866171907
261.871495139529,-472.867171922479
261.679184575109,-473.656576868862
261.474888044892,-474.467802517084
261.266911144487,-475.299547443624
261.047892843821,-476.150509194323
260.830699399163,-477.019401891129
260.619135416505,-477.904969162603
260.405837591782,-478.805992336999
260.192329341668,-479.721294134177
259.99105483919,-480.649738347108
259.79962134034,-481.590226202553
259.619973852576,-482.541690226968
259.459392320899,-483.497460809921
259.314780047439,-484.450714957845
259.191835539822,-485.399928053464
259.085790833284,-486.343249407839
258.997038470364,-487.278511009798
258.930059779032,-488.203244508572
258.87418981937,-489.114707017665
258.833914835323,-490.009916094171
258.807595553402,-490.885693935145
258.797707345342,-491.738720450268
258.796252707412,-492.565594434895
258.805071682813,-493.362901604427
258.8110737446,-494.127287790506
258.816625041615,-494.85553517672
258.813770756769,-495.544639101934
258.809180453329,-496.191882716744
258.789366980479,-496.794906670591
258.761293179365,-497.351771053177
258.721118823322,-497.86100702196
258.656351162058,-498.32165591349
258.575165689265,-498.7332941429
258.875831901746,-503.523260017377
258.713439520164,-504.014810151579
258.489151331674,-504.529307295893
258.19777130603,-505.067673902053
257.856050528146,-505.630915738783
257.461787402358,-506.220025402987
257.033889984444,-506.835880131462
256.577028226699,-507.473518363041
256.100404946018,-508.132095964294
255.612774461862,-508.810231135471
255.122117021482,-509.505962503343
254.635400531037,-510.216740543186
254.158434526618,-510.939452466375
253.695812581568,-511.670478019754
253.250932316642,-512.405771493924
252.826077406323,-513.140963784919
252.422543634005,-513.87147764182
252.040790976325,-514.592649207039
251.680605467299,-515.299849487312
251.341257624867,-515.988600310879
251.021647889464,-516.654680449467
250.720433250501,-517.294218750719
250.436132567315,-517.899189246607
250.16262776239,-518.467525578742
249.908447256428,-518.997554839157
249.666515168845,-519.488041662978
249.440060661571,-519.938216686306
249.58856279317,-524.221789476278
249.392420848134,-524.742573806113
249.173774443254,-525.304719471065
248.931954400467,-525.907610681078
248.666444093033,-526.544615718729
248.37687265622,-527.218782189241
248.068626928431,-527.922617765865
247.742791473767,-528.652764158177
247.400716623146,-529.405462155898
247.04399684755,-530.176607817378
246.674443504869,-530.961815361586
246.294053217791,-531.756485260148
245.904973213578,-532.555876046127
245.509464922266,-533.355178404222
245.109867001469,-534.1495901625
244.708558757378,-534.934390852635
244.307924693717,-535.70501453399
243.910320677274,-536.457119584823
243.518041992381,-537.186654157311
243.133293393863,-537.889915984643
242.758161175481,-538.563605235699
242.394587254456,-539.204869154952
242.044345326042,-539.806754353873
241.713602214972,-540.368284228769
241.393680305099,-540.88886123405
241.091340903947,-541.368284228769
238.379471724747,-536.969207361804
238.258719472935,-536.478911753106
238.139759081999,-535.95881244721
238.024218480765,-535.411462964179
237.913680916809,-534.83997512652
237.809631305226,-534.247970703253
237.713405604062,-533.639515705453
237.626145857831,-533.019039226498
237.548763249603,-532.391239435543
237.481911038685,-531.760979934455
237.425968669447,-531.133180143501
237.381037662821,-530.512703664546
237.346949197413,-529.904248666747
237.323282605781,-529.312244243479
237.30939340376,-528.740756405819
237.304448979461,-528.193406922789
237.307469725159,-527.673307616893
237.317373217347,-527.183012008195
237.333964827058,-523.840606191759
237.404398354683,-523.534877153572
237.477900592575,-523.220322758842
237.553915874448,-522.899743882203
237.631820793102,-522.576109685
237.710939047403,-522.252475487796
237.790558745208,-521.931896611157
237.869951440458,-521.617342216427
237.948392064777,-521.31161317824
233.151862900728,-524.358140209923
232.644573938819,-524.646010421783
232.103655159537,-524.962577640523
231.525457055867,-525.308008695975
230.911286334429,-525.676567454803
230.262782111629,-526.072297259219
229.581864749495,-526.494415676125
228.870676719703,-526.930686865381
228.131518232883,-527.383176970752
227.366780584546,-527.85471004621
226.584505910297,-528.343467531379
225.78265893923,-528.847643198583
224.969329073873,-529.359888966516
224.148055307321,-529.877422685607
223.322375511527,-530.397496122784
222.495798641264,-530.917439770827
221.671782261537,-531.434700185484
220.853714381811,-531.94686910838
220.044898254018,-532.451704235858
219.248538622947,-532.947142060617
218.467727918979,-533.431303699797
217.705431050382,-533.902494994118
216.969050732794,-534.36378536032
216.260354274513,-534.803782579486
215.581061216567,-535.222341512015
214.932801566222,-535.623901354716
214.317071984649,-536.00744179987
213.735191860797,-536.367522997451
213.1882613639,-536.704336639937
212.67712359121,-537.018094399919
212.202332807461,-537.30904409622
211.764130512728,-537.577486570372
210.227061936134,-533.366658774083
210.152293951099,-532.97780669507
210.073295591749,-532.572805947515
209.990721127334,-532.154784986958
209.905339104927,-531.727209534625
209.818012504207,-531.293797351626
209.729673817565,-530.858422018373
209.641296201861,-530.425009835374
209.553862147756,-529.997434383041
209.46833131322,-529.579413422484
209.385609249299,-529.174412674929
209.306518699553,-528.785560595916
209.231774982532,-528.415577594578
211.572281524011,-523.948518289092
211.825214235564,-523.448423031968
212.094531711547,-522.916766088154
212.379037455154,-522.355921237197
212.677222988922,-521.768832220198
212.987287154428,-521.158971673298
213.307165563449,-520.530283036626
213.634569549581,-519.887106975675
213.967033503313,-519.234094518147
214.30196904484,-518.576109684999
214.636724124794,-517.918124851852
214.968644868155,-517.265112394324
215.295137810325,-516.621936333373
215.613730129833,-515.993247696701
215.92212556462,-515.383387149801
216.218253904887,-514.796298132802
216.50031227354,-514.235453281845
216.766796815587,-513.70379633803
217.016523894706,-513.203701080907
212.115442248003,-514.402609403921
211.607120607207,-514.66502545955
211.065664014967,-514.94609309203
210.493261526092,-515.245065093259
209.892677141166,-515.560908097184
209.267215414927,-515.892307152084
208.620670654623,-516.237677360069
207.957260954799,-516.595182555053
207.281548915275,-516.962760779264
206.598351415554,-517.338156107149
205.912641250347,-517.718956158794
205.229443750626,-518.102634447433
204.553731711102,-518.486596522627
203.890322011278,-518.868228708869
203.243777250974,-519.244948106125
202.618315524735,-519.614252422462
202.017731139809,-519.973768157981
201.445328650933,-520.321295661564
200.903872058693,-520.654849643695
200.395550417898,-520.972693853251
199.921960454064,-521.273368813512
201.737328492538,-516.930429893721
201.916317435707,-516.415271270216
202.118385229008,-515.859962587974
202.345001845091,-515.265297761633
202.591981535357,-514.632466666077
202.865133887575,-513.963020850773
203.159988583918,-513.258828552074
203.482029057588,-512.522021001635
203.832043642784,-511.754932416917
204.210695535172,-510.960036305245
204.618510621172,-510.139880804638
205.055866752513,-509.302651428365
205.522985130075,-508.446446411961
206.01992445065,-507.57385686778
206.546578388402,-506.6873354011
207.102676831652,-505.789155829153
207.68779108605,-504.88138176954
208.301343006233,-503.965844379257
208.942617754588,-503.04412910957
209.605153928883,-502.117570982544
210.292427551572,-501.187257605987
211.003238927982,-500.259664638562
211.735276693273,-499.341213994778
212.475963776129,-498.432833654744
213.228188211448,-497.535597888423
213.984446342968,-496.650738019871
214.742541574655,-495.779648173662
215.504579602424,-494.923884852376
216.266958514116,-494.085159394873
217.021444290565,-493.265322650953
217.774425151448,-492.466341568952
218.516651386894,-491.690267812594
219.239985911906,-490.939198979162
219.946459323245,-490.215233454744
220.628070696765,-489.520420382568
221.291681803247,-488.85670660452
221.924183630459,-488.22588273263
222.52388583299,-487.629530689719
223.089320423645,-487.068975106704
223.619291482427,-486.545240867617
224.112916995005,-486.05901885255
224.569660763427,-485.61064155529
227.469558674953,-481.327538683708
227.653416681504,-480.847499898934
227.837106572303,-480.326715569098
228.018191154467,-479.765393018757
228.194020591459,-479.164123609891
228.373007773814,-478.52386570173
228.554574459482,-477.845917569073
228.738365056764,-477.131881548535
228.918663359361,-476.389246759919
229.094467871746,-475.621300761567
229.264925586334,-474.831670730249
229.429342397435,-474.024276744402
229.587187212326,-473.203281104344
229.738090070211,-472.373034527855
229.881834813885,-471.538019922494
230.018347038845,-470.702794318304
230.147678171451,-469.871929469819
230.269986607018,-469.049951621118
230.385516877219,-468.241280979154
230.494577820894,-467.450171555569
230.597520708332,-466.680652201974
230.694718219145,-465.936469855867
230.781962131871,-465.225619171951
230.860498928555,-464.55024142506
230.931404407194,-463.907610681078
230.995588420731,-463.304719471065
231.053803552789,-462.742573806113
231.115823123535,-462.221789476277
229.495018374529,-458.366658774083
229.463347777181,-457.97780669507
229.429993538758,-457.572805947515
229.395138451056,-457.154784986958
229.359003333019,-456.727209534625
229.321843959426,-456.293797351626
229.283946410374,-455.858422018373
229.245620931291,-455.425009835374
229.207194495359,-454.997434383041
229.169002356472,-454.579413422484
229.13137896209,-454.174412674929
229.099398665669,-453.786333174761
224.144320805921,-452.978206748505
223.653587143331,-452.980617849445
223.121812790235,-452.970428192656
222.549648034584,-452.957025881674
221.938144091075,-452.929668278219
221.288723840933,-452.88676314504
220.603142467275,-452.832336635729
219.88343976635,-452.760373997544
219.13188622759,-452.66945763151
218.350925153775,-452.563810887726
217.543113132583,-452.448884046439
216.711061079621,-452.320281752352
215.857377867381,-452.172777742146
214.984618258943,-452.017024611138
214.095236508745,-451.854878177419
213.191546606193,-451.677318335951
212.275689751031,-451.495779652995
211.349609288094,-451.301624697914
210.420658719894,-451.106629441654
209.491550903949,-450.908070943294
208.56494643352,-450.707910122222
207.643461035316,-450.508167796948
206.734256161271,-450.306296399799
205.838992583214,-450.105184226898
204.959444936683,-449.912077375898
204.097485235388,-449.72849351999
203.255060849304,-449.560385634498
202.434167001074,-449.398882090284
201.636814142489,-449.255133473899
200.864990901093,-449.124358500377
200.1206236137,-449.011698824976
199.405533763703,-448.916532124904
198.721394886407,-448.82892025167
198.069690677105,-448.758878597176
197.451676110552,-448.695890263283
196.868343344611,-448.640281476648
196.320394030531,-448.601189489467
195.808219392242,-448.567351287957
195.331889081456,-448.547660311958
190.797774523653,-451.497664880833
190.300927546029,-451.70425911472
189.756245226445,-451.918699549843
189.164508157823,-452.134021699369
188.527010483413,-452.358825400216
187.845510686153,-452.592637997967
187.122169067634,-452.829504856138
186.35947541854,-453.07370163702
185.560170713776,-453.325141406279
184.727166724321,-453.583992074171
183.863467238663,-453.850700649456
182.977719871472,-454.126005719518
182.074109589493,-454.405311515838
181.156894465069,-454.688714848426
180.230365380782,-454.976386784289
179.298812119752,-455.26852961967
178.366494707352,-455.565328810967
177.437618449056,-455.866902885799
176.516310897731,-456.173254545591
175.606598989453,-456.484226148061
174.712384797191,-456.799462524592
173.837418735836,-457.118383660689
172.989852531758,-457.440169177551
172.172153410922,-457.75917287309
171.38667954434,-458.079569206107
170.635627169377,-458.395130401557
169.920977401704,-458.704941683669
169.239862271146,-459.007836150968
168.599153952611,-459.302463388
167.999761588791,-459.591945625989
167.442227956083,-459.869316458956
166.926710466246,-460.137839609636
164.980984278125,-465.221789476278
164.851846111146,-465.742573806113
164.711143968739,-466.304719471065
164.559005861811,-466.907610681078
164.401382294109,-467.55024142506
164.240013739169,-468.231244878282
164.077024476326,-468.943306838577
163.91492278831,-469.688878585645
163.756589298246,-470.465596910325
163.605252679842,-471.270927012444
163.45882676739,-472.102224457129
163.319900900192,-472.951171132048
163.191085831856,-473.813874594842
163.074936147596,-474.686330368542
162.973869225584,-475.564465102211
162.89008415079,-476.444177434176
162.825484224874,-477.321376681564
162.781606753114,-478.192019722046
162.759563613605,-479.052146577187
162.759995723647,-479.897915240746
162.783043926802,-480.725636220441
162.828338059986,-481.53180708964
162.899588031693,-482.308564130944
162.985392390454,-483.053769305326
163.09416568284,-483.765432490043
163.213689989975,-484.441758821553
163.351697486085,-485.081193615103
163.495444946743,-485.682463023969
163.652311650658,-486.244608688921
163.80938096296,-486.767014819904
163.954101705962,-487.264348487927
165.626396636121,-491.898049409798
165.558560489751,-492.519997954724
165.498904692642,-493.186033315113
165.447812267956,-493.890830597013
165.4056317522,-494.638866869529
165.3614456387,-495.429793057936
165.318810859716,-496.257392005025
165.276586777652,-497.119607914836
165.233591141585,-498.01392762382
165.188701358167,-498.937331000777
165.140982521605,-499.88622895511
165.08983655861,-500.856393701887
165.03516230745,-501.842889352529
164.977512010581,-502.840014047582
164.918226294095,-503.84126715395
164.859527991266,-504.839355947059
164.804555786903,-505.82625522595
164.757322007002,-506.793330210906
164.722584974912,-507.731527886845
164.705634777482,-508.631635061297
164.712001164938,-509.484593517449
164.747102419138,-510.281854739301
164.811279975711,-511.015749880763
164.90947135633,-511.675263054862
165.045258580927,-512.256395871006
165.227902946274,-512.769497400346
160.869412753224,-517.474685664991
160.460504527416,-517.996079363296
160.04295671584,-518.530848042856
159.614998821563,-519.07963048644
159.174645058269,-519.64323961387
158.725401627619,-520.222635609222
158.266316017353,-520.818891229568
157.7966617577,-521.433150734813
157.310408279748,-522.066584024196
156.806344534264,-522.709086200715
156.28355268368,-523.370558679811
155.741447254702,-524.051593206311
155.179794981215,-524.746970584567
154.598714909197,-525.461289832654
154.004285391091,-526.188679056956
153.398468559633,-526.927398606789
152.783653950288,-527.675237345375
152.162605611489,-528.429505120786
151.538398869043,-529.187039903647
150.914350056556,-529.944230741303
150.293942395496,-530.697057292769
149.680750887715,-531.441146207306
149.082951597361,-532.167261023711
148.503198734208,-532.871442990372
147.944170411923,-533.54950142647
147.403910339218,-534.197141599293
146.885810902802,-534.810100167108
146.39752197939,-535.384283384128
145.940858263951,-535.915902873179
145.517378580188,-536.401603601976
145.128346221327,-536.843161759886
144.774696617203,-537.232946202357
144.457012911086,-537.569657234683
144.175509993415,-537.852749291291
143.79752022367,-532.879472493734
143.680412037773,-532.276881259468
143.575774576898,-531.561588650879
143.481158943791,-530.76467614627
143.393814432015,-529.919802141854
143.311454786946,-529.057564850694
143.232756540356,-528.20166626176
143.157503029187,-527.367484539657
143.086413681795,-526.562810591104
143.020781680593,-525.789937949173
142.962064147845,-525.048149187026
142.911537960051,-524.335846786001
142.87007875789,-523.651945863659
142.838068260588,-522.996494613383
138.157488607058,-524.652417413505
137.65703662786,-524.839386635455
137.118718525919,-525.050290502181
136.543483087964,-525.286650704123
135.932643620773,-525.544289804265
135.287835117474,-525.823346733647
134.610961296761,-526.129285928507
133.904134022675,-526.462828892539
133.169607995388,-526.818899877847
132.415339511744,-527.196659424166
131.644880847907,-527.594910599182
130.861911716906,-528.012097545203
130.070190858302,-528.446314157813
129.273511759855,-528.895323292036
128.475663001372,-529.356586451914
127.680393183198,-529.827303461399
126.891379941119,-530.304461164
126.112202200168,-530.784889780936
125.346314613825,-531.265325196113
124.597023089348,-531.742475150411
123.867460414045,-532.213087132885
123.160561254215,-532.674015662123
122.483619132649,-533.117703695136
121.838206978565,-533.551460395764
121.225761276776,-533.962630898551
120.647540078258,-534.349983040903
120.104582597971,-534.721668884896
119.597672493589,-535.065990914164
119.127306844818,-535.391922227384
116.549226926558,-532.055661483407
116.399709406793,-531.782468423794
116.244167405119,-531.502635092216
116.083948281733,-531.218740428981
115.920533207915,-530.933478941018
115.755496332951,-530.649584277783
115.590459457986,-530.369750946205
115.427044384168,-530.096557886591
119.786300458663,-526.516294365679
120.192192011621,-526.090059674093
120.622229541058,-525.636741694442
121.074293141989,-525.158478878587
121.545813296421,-524.657921628181
122.033809944052,-524.138192717456
122.5349453951,-523.602831492049
123.045589661819,-523.055723439903
123.56189621694,-522.50101742134
124.079885695099,-521.943033432794
124.595534664436,-521.386164229093
125.104866332866,-520.834774417314
125.604039933612,-520.293100745759
126.089435567313,-519.765157239605
126.557731464701,-519.254648585878
127.005970967468,-518.764894760449
127.431616989504,-518.298769343132
127.832592292155,-517.858653315765
123.589032211837,-520.604738418582
123.109816541672,-521.008281621896
122.589032211837,-521.435645961581
122.026886546885,-521.884922497967
121.423995336872,-522.348194356372
120.78136459289,-522.827239505096
120.100361139668,-523.318944512147
119.382673473042,-523.825571452669
118.630264743264,-524.333531746159
117.845320034913,-524.83812949777
117.035815990699,-525.340081328361
116.205423597137,-525.83553990123
115.358044920672,-526.320752675249
114.497766310636,-526.79213541373
113.628811699646,-527.246341511606
112.75549633295,-527.680325356321
111.882180966255,-528.091398088252
111.013226355265,-528.477274309293
110.152947745229,-528.83610850689
109.305569068764,-529.166520219551
108.475176675201,-529.467607271176
107.665672630988,-529.738946744957
106.880727922637,-529.976000780922
106.128319192859,-530.180146133537
105.410631526232,-530.35302885871
104.729628073011,-530.496536083157
104.086997329029,-530.612760045455
103.484106119016,-530.708538715373
102.921960454064,-530.780773247455
102.401176124228,-530.832042207149
104.874518155388,-526.257426105256
105.010520173359,-525.845874444247
105.152433248179,-525.415661030118
105.299243763906,-524.969914737502
105.449821021456,-524.512154242977
105.602942957152,-524.046206081404
105.757325458653,-523.576109684999
105.91165412468,-523.106013288595
106.064617186046,-522.640065127022
106.214938247109,-522.182304632497
106.361407522512,-521.736558339881
106.502910332097,-521.306344925752
106.638451770788,-520.894793264743
110.995374593995,-516.70207695747
111.440527576192,-516.276012061274
111.919712348515,-515.81282338904
112.421233373949,-515.312480022631
112.953244628473,-514.775271530878
113.514516499767,-514.201794948963
114.103645143596,-513.592933483481
114.713473573754,-512.949828050197
115.346805481052,-512.273843067792
115.990568162613,-511.566528152791
116.651775179904,-510.829577475571
117.322679789952,-510.064788540978
118.000028399113,-509.279647760737
118.680511594151,-508.477252733559
119.360797360597,-507.660870961765
120.03756387517,-506.833916375002
120.707532276777,-505.999926133859
121.367499764111,-505.162536945251
122.014373214547,-504.325459949813
122.645203290941,-503.492453195306
123.25721873053,-502.66729080022
123.847860227835,-501.853728135784
124.410230099907,-501.06004566289
124.943175168587,-500.288953044541
125.445702193799,-499.538570650959
125.917015350633,-498.817000294085
126.356548192877,-498.122012209455
126.763988567657,-497.461242395105
127.13929534645,-496.836467774756
127.482706292774,-496.249177744082
127.799319830126,-495.700527447057
128.084449526542,-495.19130075514
129.669217943032,-490.930429893721
129.792247612331,-490.409645563885
129.92265417686,-489.847499898934
130.054298317188,-489.244608688921
130.185356406994,-488.601977944939
130.324990823833,-487.920974491717
130.467651411412,-487.203286825091
130.606688422275,-486.450878095313
130.739831280177,-485.665933386962
130.875869684163,-484.850803636418
131.014589744527,-484.007948553815
131.144728171126,-483.139880804638
131.26408895176,-482.249113473465
131.376015348325,-481.338112503419
131.473737239794,-480.409255409741
131.560644089115,-479.464797136724
131.630048709757,-478.506843495779
131.691085232133,-477.537332216917
131.732806207985,-476.558021289629
131.759086567014,-475.570483978669
131.769424189658,-474.576109685
131.763538801307,-473.576109685
131.747009760646,-472.576109684999
131.711034780279,-471.58173539133
131.661700468047,-470.59419808037
131.599728148593,-469.614887153082
131.521503278552,-468.64537587422
131.43827271219,-467.687422233275
131.345816504884,-466.742963960258
131.241120215111,-465.81410686658
131.126759983137,-464.903105896534
131.005245279524,-464.012338565361
130.888151905219,-463.144270816184
130.771400708504,-462.301415733581
130.656500814964,-461.486285983037
130.549460903898,-460.701341274685
130.441529126657,-459.948932544908
130.334874202775,-459.231244878281
130.240485359864,-458.55024142506
130.153479975937,-457.907610681078
130.069801637241,-457.304719471065
129.990645480735,-456.742573806113
129.921436787939,-456.221789476277
127.662495476118,-451.930429893722
127.509792088577,-451.409645563886
127.347089997142,-450.847499898934
127.16936525361,-450.244608688921
126.981792784378,-449.601977944939
126.779478094302,-448.920974491717
126.567696040263,-448.203286825091
126.347245596127,-447.450878095313
126.119022107664,-446.665933386962
125.878380380158,-445.850803636418
125.625163507661,-445.007948553815
125.359099166806,-444.139880804638
125.091034395789,-443.249113473465
124.811592360308,-442.338112503419
124.520432056752,-441.409255409741
124.217075429776,-440.464797136724
123.906530797568,-439.506843495779
123.583629549181,-438.537332216917
123.258917630255,-437.558021289629
122.928374871363,-436.570483978669
122.587026292402,-435.576109684999
122.240041854456,-434.576109684999
121.887074904662,-433.576109684999
121.528931678004,-432.576109684999
121.16653867343,-431.576109684999
120.794280019749,-430.576109685
120.41211142545,-429.576109684999
120.030129678018,-428.576109684999
119.643882461264,-427.576109684999
119.2591932641,-426.576109685
118.866265743283,-425.576109684999
118.475586136013,-424.576109685
118.072807873621,-423.576109684999
117.669290532734,-422.576109684999
117.270750853823,-421.576109684999
116.872832777253,-420.576109684999
116.471144332166,-419.576109684999
116.071296929297,-418.576109685
115.673231000268,-417.576109684999
115.276835466948,-416.576109684999
114.887569684526,-415.576109684999
114.500796336172,-414.576109685
114.111832279879,-413.576109684999
113.726000530994,-412.576109684999
113.342966547615,-411.576109684999
112.962365767713,-410.576109684999
112.589430780715,-409.576109684999
112.219326627603,-408.576109685
111.847201497528,-407.576109684999
111.472610766769,-406.576109684999
111.11076681804,-405.576109684999
110.75678062448,-404.576109684999
110.410500884869,-403.576109685
110.05713155602,-402.576109684999
109.706532763676,-401.576109684999
109.368539366595,-400.576109685
109.038488471469,-399.576109684999
108.706219805908,-398.576109684999
108.381782884434,-397.576109684999
108.055961583572,-396.576109685
107.729535741963,-395.576109684999
107.406618359308,-394.576109684999
107.092309558357,-393.576109684999
106.787235545635,-392.576109684999
106.4819300422,-391.576109685
106.181515241777,-390.576109685
105.895656928901,-389.576109685
105.62513560913,-388.576109684999
105.355181858393,-387.576109685
105.091234082527,-386.576109684999
104.834095765133,-385.576109684999
104.58347685849,-384.576109684999
104.333398757371,-383.576109685
104.093473520405,-382.576109684999
103.858593401953,-381.58173539133
103.629182317637,-380.59419808037
103.405574785079,-379.614887153082
103.192605354685,-378.645375874219
102.984981207209,-377.687422233275
102.78753867881,-376.742963960258
102.594991856169,-375.81410686658
102.407608058172,-374.903105896534
102.225593801372,-374.012338565361
102.053690742015,-373.144270816184
101.886553629854,-372.301415733581
101.729010371086,-371.486285983037
101.575811735077,-370.701341274685
101.427305050093,-369.948932544908
101.283815224808,-369.231244878281
101.150232595774,-368.55024142506
101.025962908182,-367.907610681078
100.90137274889,-367.304719471065
100.782459702667,-366.742573806113
100.669556484821,-366.221789476278
99.9285737443221,-361.930429893721
99.8350713232613,-361.409645563886
99.7435922682857,-360.847499898934
99.6503207001012,-360.244608688921
99.5504598708847,-359.601977944939
99.4436725458491,-358.920974491717
99.3350954952718,-358.203286825091
99.2196478902092,-357.450878095313
99.1078937253747,-356.665933386962
98.9901072969297,-355.850803636418
98.8767762295465,-355.007948553815
98.7580898360721,-354.139880804638
98.644448397222,-353.249113473465
98.5259577862718,-352.338112503419
98.4073189130257,-351.409255409741
98.2942446838005,-350.464797136724
98.1880147068456,-349.506843495779
98.0844553893162,-348.537332216917
97.9783738543921,-347.558021289629
97.8690197039069,-346.570483978669
97.761119419625,-345.576109684999
97.6548277462203,-344.576109684999
97.5605209628362,-343.576109684999
97.4684947785921,-342.576109684999
97.3792580268169,-341.576109684999
97.2922715545605,-340.576109684999
97.2023842563206,-339.576109684999
97.1144447656717,-338.576109684999
97.0276151978978,-337.576109684999
96.9374385176086,-336.576109684999
96.8540125034924,-335.576109684999
96.7671098710678,-334.576109684999
96.6810688472785,-333.576109684999
96.5991275242995,-332.576109684999
96.5165038523145,-331.576109684999
96.432964923459,-330.576109684999
96.3528494311007,-329.576109684999
96.2612904623837,-328.576109684999
96.1670894624766,-327.576109684999
96.073470916308,-326.576109684999
95.9757522293738,-325.576109684999
95.8647472106319,-324.576109685
95.7493843916395,-323.576109684999
95.6295363308527,-322.576109684999
95.5118638227796,-321.576109685
95.3910389508156,-320.576109684999
95.265406905098,-319.576109684999
95.140079861314,-318.576109684999
95.0102035530377,-317.576109684999
94.8709809369071,-316.576109685
94.7389467240665,-315.576109684999
94.6059860583367,-314.576109684999
94.478796081876,-313.576109684999
94.3427846308562,-312.576109684999
94.2080167627254,-311.576109685
94.0743024299156,-310.576109684999
93.9322128564113,-309.576109684999
93.7877450656361,-308.576109684999
93.641026861063,-307.576109684999
93.5067357602662,-306.576109684999
93.3793776793882,-305.576109684999
93.2535415831386,-304.576109684999
93.123738426385,-303.576109684999
92.9954955222423,-302.576109684999
92.8753340549432,-301.576109684999
92.7643017350025,-300.576109684999
92.6569603275793,-299.576109684999
92.5581076630585,-298.576109684999
92.4625270340188,-297.576109684999
92.363989452763,-296.576109685
92.2673678106722,-295.576109684999
92.1729587699832,-294.576109684999
92.0810629028988,-293.576109684999
91.9965618801598,-292.576109684999
91.9199002974679,-291.576109684999
91.8481162803801,-290.576109684999
91.781763144188,-289.576109685
91.7101015149056,-288.576109684999
91.6480403417404,-287.576109684999
91.5891047246174,-286.576109684999
91.5379577633923,-285.576109685
91.4855533601002,-284.576109684999
91.4419486979892,-283.576109684999
91.4060119379087,-282.576109684999
91.3618813516584,-281.576109684999
91.3203641393694,-280.576109684999
91.2865856269728,-279.576109684999
91.2591407234856,-278.576109684999
91.2276074521844,-277.576109684999
91.2018262383967,-276.576109684999
91.175993966389,-275.576109685
91.1453882688246,-274.576109684999
91.1164322132093,-273.576109684999
91.0843821935648,-272.576109684999
91.0581755170416,-271.576109684999
91.0367841740857,-270.576109684999
91.0148198824108,-269.576109684999
91.0027691407236,-268.576109684999
90.9910506770946,-267.576109684999
90.9905045899564,-266.576109684999
90.9872785924226,-265.576109684999
90.9877403777556,-264.58173539133
90.9925819584086,-263.59419808037
91.0070083232914,-262.614887153082
91.0215006220807,-261.64537587422
91.0375165467466,-260.687422233275
91.0562386781058,-259.742963960258
91.087744935161,-258.81410686658
91.1217462729772,-257.903105896534
91.1680930462244,-257.012338565361
91.225432305653,-256.144270816184
91.2878659678327,-255.301415733581
91.3549949622369,-254.486285983037
91.4263021445389,-253.701341274686
91.501165235698,-252.948932544908
91.5742906334418,-252.231244878281
91.6457859213748,-251.55024142506
91.7247367039342,-250.907610681078
91.8091405691692,-250.304719471065
91.8925867771147,-249.742573806113
91.9789001461583,-249.221789476278
87.412148894635,-253.370373597068
86.9673406817488,-253.7893279566
86.4966782117748,-254.245206181091
85.9967940296931,-254.738131654065
85.4747932648192,-255.267929091686
84.9279491568771,-255.834136088294
84.3582726677225,-256.436021287215
83.7734839284362,-257.072608084756
83.1712730043397,-257.742702609802
82.5538604920771,-258.444924647921
81.9289689245923,-259.177740193732
81.2997179106636,-259.939494407251
80.6635355222536,-260.728443902127
80.0277858300339,-261.542787485927
79.3951060000103,-262.38069468358
78.7679709344919,-263.240331585281
78.1430577233664,-264.119883752953
77.5269090471987,-265.017576083265
76.9156782785713,-265.931689653361
76.3153898634161,-266.860575666594
75.7216959356689,-267.802666672107
75.1401455928754,-268.756485260148
74.5761565424785,-269.720650441937
74.0295700622198,-270.689298950377
73.494660267415,-271.662140133119
72.9701803793597,-272.638845116767
72.4547730099647,-273.619061095177
71.9525896275398,-274.602424464042
71.4632457739444,-275.58857237404
70.9807859796366,-276.58173539133
70.5093571968535,-277.576109684999
70.0429578371527,-278.576109684999
69.5811144977256,-279.576109684999
69.1186872316065,-280.576109684999
68.6651045055113,-281.576109684999
68.2140820692084,-282.576109684999
67.7593074620389,-283.576109684999
67.3044993155945,-284.576109684999
66.8590022185938,-285.576109684999
66.4120900064782,-286.576109684999
65.96786635696,-287.576109684999
65.5158523593757,-288.576109684999
65.0612984583096,-289.570483978669
64.6049460831019,-290.558021289629
64.1522130120181,-291.537332216916
63.698572663409,-292.506843495779
63.2498102746125,-293.464797136723
62.8063466390355,-294.409255409741
62.3642627017979,-295.338112503419
61.929909881464,-296.249113473465
61.5042146960174,-297.139880804638
61.0836859188393,-298.007948553815
60.6704267641657,-298.850803636418
60.2710626771734,-299.665933386962
59.8820754560449,-300.450878095313
59.5054367806295,-301.203286825091
59.1429519071039,-301.920974491717
58.8008146578498,-302.601977944939
58.4749474784067,-303.244608688921
58.1712283949938,-303.847499898934
57.8852140290653,-304.409645563886
57.6223773705962,-304.930429893721
54.5021556110514,-308.221789476277
54.2051488108891,-308.742573806113
53.8911880617256,-309.304719471065
53.561736899364,-309.907610681078
53.2128959174778,-310.55024142506
52.851037693033,-311.231244878281
52.4725114699954,-311.948932544908
52.0782286195223,-312.701341274685
51.6802818406948,-313.486285983037
51.2761932397248,-314.301415733581
50.8624735755055,-315.144270816184
50.4513001465939,-316.012338565361
50.0345653133143,-316.903105896534
49.6187383273859,-317.81410686658
49.2000051213273,-318.742963960258
48.778879635059,-319.687422233275
48.3612288085738,-320.645375874219
47.9425956516629,-321.614887153082
47.5284533568978,-322.59419808037
47.1139552590814,-323.58173539133
46.7098236420449,-324.576109684999
46.3064419555878,-325.576109685
45.9189665076628,-326.576109684999
45.5322027252884,-327.576109684999
45.1501300537841,-328.576109684999
44.7766906371427,-329.576109684999
44.4057441538717,-330.576109684999
44.0367393628188,-331.576109684999
43.669095066838,-332.576109684999
43.307833226132,-333.576109684999
42.9479210002957,-334.576109684999
42.593494505336,-335.576109684999
42.2396872980636,-336.576109685
41.8826840384565,-337.576109684999
41.5333253544428,-338.576109684999
41.1857752550173,-339.576109684999
40.8398485531401,-340.576109684999
40.5010012822323,-341.576109684999
40.1590274653821,-342.576109684999
39.8193873867856,-343.576109685
39.4875272910378,-344.576109684999
39.1634072973946,-345.576109684999
38.8369012811732,-346.576109684999
38.5134968435785,-347.576109684999
38.1884066280396,-348.576109684999
37.877026313643,-349.576109685
37.564377411255,-350.576109684999
37.2658695311568,-351.576109684999
36.9711205154735,-352.576109684999
36.6752943663352,-353.576109685
36.3789415183186,-354.576109684999
36.0915522514236,-355.576109684999
35.7977192688846,-356.576109684999
35.5179118659879,-357.576109684999
35.2422681008388,-358.576109684999
34.9757034662491,-359.576109684999
34.7120384765193,-360.576109684999
34.4507054977481,-361.576109684999
34.1911204209052,-362.576109684999
33.938305136966,-363.576109684999
33.6872182019689,-364.576109684999
33.432801235202,-365.570483978669
33.1856506458159,-366.558021289629
32.9360984311017,-367.537332216916
32.6947270451226,-368.506843495779
32.4610314613913,-369.464797136724
32.2300778139359,-370.409255409741
32.0071262996295,-371.338112503419
31.7873694875534,-372.249113473465
31.5761782571762,-373.139880804638
31.3642548211522,-374.007948553815
31.1625121669708,-374.850803636418
30.9661443443991,-375.665933386962
30.7759127199027,-376.450878095313
30.5925149758835,-377.203286825091
30.4165797380708,-377.920974491717
30.2532441230508,-378.601977944939
30.0975128982932,-379.244608688921
29.9499174682713,-379.847499898934
29.8154677724905,-380.409645563886
29.6890131151998,-380.930429893721
28.2425385702945,-385.127164739993
27.9816175119324,-385.615252741916
27.6959462802156,-386.134009752159
27.3853825177758,-386.681199574461
27.0501537505633,-387.254058627328
26.6908893581086,-387.849335311374
26.3086434447314,-388.463344093105
25.9049066669625,-389.092032729777
25.4816053745189,-389.731060555897
25.0410868617253,-390.375885346378
24.5860900909236,-391.021855977616
24.1197019146014,-391.664307932276
23.6452995527186,-392.298658636684
23.1664808305784,-392.920499676836
22.6869843990156,-393.525683102024
22.2106027891893,-394.110399283202
21.7410916483533,-394.671244134159
21.2820788179511,-395.205273913795
20.8369770208131,-395.71004629263
20.4089038053317,-396.183646870274
20.0006120540522,-396.624700855534
15.2057037351925,-395.845917569073
14.7318661601363,-395.52386570173
14.2250735814955,-395.164123609891
13.6924389588901,-394.765393018757
13.1426276241816,-394.326715569098
12.5690951665708,-393.847499898934
11.9803170579215,-393.327538683708
11.3804872662157,-392.767014819904
10.7683826489793,-392.166496445712
10.1529295001935,-391.526921022295
9.53284323054729,-390.849569215161
8.92240604900368,-390.136029783366
8.32107759118887,-389.388157074547
7.72700720877546,-388.60802301271
7.15367415943754,-387.797865637785
6.59390905806697,-386.960036305245
6.054740196897,-386.1025732901
5.53815554798348,-385.22911210633
5.04568242529382,-384.34343266853
4.57839920502539,-383.449425051695
4.13696022778149,-382.551056679154
3.72163153499594,-381.652340484694
3.33691772692714,-380.7573033664
2.98155863326639,-379.869954134782
2.65419249734305,-378.99425016999
2.35339238346936,-378.138645109854
2.07769997099678,-377.301415733581
1.82565547796921,-376.486285983037
1.59582280292938,-375.701341274686
1.38680934910482,-374.948932544908
1.19728037059275,-374.231244878282
1.02596802745114,-373.55024142506
0.871675632690312,-372.907610681078
0.73327780229593,-372.304719471065
0.609717370068154,-371.742573806113
0.5,-371.221789476278
0.628035697648272,-366.930429893721
0.625785866932546,-366.409645563886
0.619826766870261,-365.847499898934
0.620545558082313,-365.244608688921
0.623691485087875,-364.601977944939
0.629584593177697,-363.920974491717
0.644147995642754,-363.203286825091
0.663231206317647,-362.450878095313
0.687232075022223,-361.665933386962
0.722125463787961,-360.850803636418
0.758157644057519,-360.007948553815
0.805757053779587,-359.139880804638
0.860636642692583,-358.249113473465
0.922997991198542,-357.338112503419
0.99293541683511,-356.409255409741
1.07042509648505,-355.464797136723
1.15531682726532,-354.506843495779
1.25295466350462,-353.537332216917
1.35850961369556,-352.558021289629
1.47161479557462,-351.570483978669
1.59178517506268,-350.576109684999
1.71279762016172,-349.576109684999
1.84857410509591,-348.58173539133
1.98930178295655,-347.58857237404
2.13529988628,-346.596798757711
2.28579547567696,-345.606598406137
2.43998117794268,-344.618156044055
2.60161279269317,-343.631651411982
2.76543025413295,-342.647252591321
2.92617796272171,-341.665108714954
3.09324903727833,-340.685342353826
3.27164390237277,-339.708041935822
3.45193379241528,-338.733254602396
3.6339020995199,-337.760979934455
3.81174499542738,-336.791164976648
3.98514318183962,-335.823700955222
4.16383377488739,-334.858422018373
4.3418817456222,-333.895106231778
4.51895860776744,-332.933478941018
4.70137347004297,-331.973218474987
4.88432460772094,-331.013964020047
5.06861019703956,-330.055325355164
5.2550065514111,-329.096894014835
5.45343935139681,-328.138255349951
5.64351002507908,-327.179000895012
5.84071423150036,-326.218740428981
6.03463612052667,-325.257113138221
6.23049532356029,-324.293797351626
6.43452113798901,-323.328518414778
6.64746264838794,-322.361054393351
6.85438676313237,-321.391239435543
7.07523097887048,-320.418964767603
7.29502761981533,-319.444177434176
7.51903624473593,-318.466877016173
7.75248286683652,-317.487110655045
7.98488138031902,-316.504966778678
8.2259453376407,-315.520567958017
8.47069149420005,-314.534063325944
8.71968849289883,-313.545620963862
8.97343345944293,-312.555420612287
9.23131388134945,-311.563646995959
9.49827033664801,-310.570483978669
9.76808485493362,-309.576109685
10.0288352830912,-308.576109684999
10.2850614773834,-307.58173539133
10.5410660436273,-306.59419808037
10.7954725069411,-305.614887153082
11.0468694191297,-304.645375874219
11.2938315368839,-303.687422233275
11.5303603752234,-302.742963960258
11.7651279700653,-301.81410686658
11.9866207437862,-300.903105896534
12.1945092928705,-300.012338565361
12.3884363755242,-299.144270816184
12.5772217258635,-298.301415733581
12.7542106423138,-297.486285983037
12.9231652555754,-296.701341274685
13.0734318833558,-295.948932544908
13.2148294025075,-295.231244878281
13.3371400908847,-294.55024142506
13.4414466428106,-293.907610681078
13.5334658230896,-293.304719471065
13.6089112229974,-292.742573806113
13.6737344144059,-292.221789476277
16.1989364569853,-287.930429893721
16.3981914405966,-287.409645563886
16.6162686098567,-286.847499898934
16.8537097411916,-286.244608688921
17.1054074465822,-285.601977944939
17.3762829993197,-284.920974491717
17.6554140355179,-284.203286825091
17.9519636380997,-283.450878095313
18.265928178445,-282.665933386962
18.5916962751089,-281.850803636418
18.9281066462837,-281.007948553815
19.2738713953625,-280.139880804638
19.633209132294,-279.249113473464
20.0001880108008,-278.338112503419
20.3789948223676,-277.409255409741
20.7693209159869,-276.464797136724
21.1653395265386,-275.506843495779
21.5657638677464,-274.537332216917
21.9692696062311,-273.558021289629
22.3801260750574,-272.570483978669
22.7925361915192,-271.576109684999
23.2109010642764,-270.576109684999
23.630616935627,-269.576109685
24.0573060804835,-268.576109684999
24.4799100428582,-267.576109684999
24.9030691670771,-266.576109684999
25.327908970379,-265.576109684999
25.7647612209239,-264.576109684999
26.1982787574696,-263.576109684999
26.6436026294566,-262.576109684999
27.0855819517483,-261.576109684999
27.530351675203,-260.576109684999
27.9840275860525,-259.576109684999
28.4370264567814,-258.576109684999
28.8943506746981,-257.576109684999
29.3609385866095,-256.576109684999
29.8372249769318,-255.576109684999
30.3135029715648,-254.576109684999
30.7900051228614,-253.576109684999
31.2723146035844,-252.576109684999
31.7704911548192,-251.576109684999
32.2743989154258,-250.576109684999
32.7840099199892,-249.576109684999
33.2992006021559,-248.576109684999
33.8151765990885,-247.576109684999
34.3417010578836,-246.576109684999
34.8682234493642,-245.576109684999
35.4089838144269,-244.576109684999
35.9478806963973,-243.576109684999
36.4900727925734,-242.576109684999
37.040698411878,-241.576109684999
37.5994284000129,-240.576109684999
38.1660979751228,-239.576109684999
38.7305000500195,-238.576109684999
39.3026843474417,-237.576109684999
39.8780712495974,-236.576109684999
40.4577071374552,-235.576109684999
41.0416005538129,-234.576109684999
41.6343376471391,-233.576109684999
42.2360602367695,-232.576109684999
42.8424506966979,-231.576109684999
43.4480986797291,-230.576109684999
44.057566904811,-229.576109684999
44.6717851417798,-228.576109684999
45.2915924099911,-227.576109684999
45.9212817506017,-226.576109684999
46.5493761477574,-225.576109684999
47.1809983426262,-224.576109684999
47.8165816548382,-223.576109684999
48.4610550688304,-222.576109684999
49.1092302716258,-221.576109684999
49.766073389925,-220.576109684999
50.4208427731777,-219.576109684999
51.0784437737467,-218.576109684999
51.7381502331798,-217.576109684999
52.4038250886909,-216.576109684999
53.0647121728839,-215.576109684999
53.7257439175227,-214.576109684999
54.3918822503351,-213.576109684999
55.0570399419789,-212.576109684999
55.7207882040068,-211.576109684999
56.3725192180036,-210.576109684999
57.0161170468783,-209.58173539133
57.6553210169485,-208.59419808037
58.2836746952151,-207.614887153082
58.9047779008056,-206.64537587422
59.5120339430542,-205.687422233275
60.1089108593805,-204.742963960258
60.6886996167825,-203.81410686658
61.2547873121779,-202.903105896534
61.800427471026,-202.012338565361
62.3244415896587,-201.144270816184
62.8256345592434,-200.301415733581
63.3028393152893,-199.486285983037
63.7595458333536,-198.701341274686
64.189310782404,-197.948932544908
64.591463607146,-197.231244878281
64.9655168113015,-196.55024142506
65.3157787754212,-195.907610681078
65.6367404393791,-195.304719471065
65.9287527717116,-194.742573806113
66.1924042946003,-194.221789476278
69.4209152998169,-189.930429893721
69.7576668767348,-189.409645563886
70.1174192019208,-188.847499898934
70.4995425466086,-188.244608688921
70.9033197450532,-187.601977944939
71.3223672844445,-186.920974491718
71.7603488071203,-186.203286825091
72.2051367474447,-185.450878095313
72.6647719457005,-184.665933386962
73.138237184347,-183.850803636418
73.6246616134459,-183.007948553815
74.1233515949304,-182.139880804638
74.6281870729208,-181.249113473465
75.1376743918313,-180.338112503419
75.6447311878709,-179.409255409741
76.1579661478379,-178.464797136724
76.6769907961874,-177.506843495779
77.1903304942727,-176.537332216917
77.7011246345342,-175.558021289629
78.2078943212227,-174.570483978669
78.7147415319741,-173.576109684999
79.2213052734712,-172.576109684999
79.7171485761619,-171.576109684999
80.2074930468801,-170.576109684999
80.6929932638063,-169.576109684999
81.1743581504462,-168.576109684999
81.6523894940802,-167.576109684999
82.1269750315516,-166.576109684999
82.5981491656654,-165.576109684999
83.0661039706326,-164.576109684999
83.5255663665006,-163.576109684999
83.9916667299524,-162.576109684999
84.4493643614158,-161.576109684999
84.9050164246797,-160.576109684999
85.3548502094174,-159.576109684999
85.8097749377996,-158.576109684999
86.2660896534912,-157.576109684999
86.7246646525299,-156.576109684999
87.1909049772932,-155.576109684999
87.655498147812,-154.576109684999
88.133850465821,-153.576109684999
88.6165451405772,-152.576109684999
89.099625081291,-151.576109684999
89.5890096600419,-150.576109684999
90.0858716531785,-149.576109684999
90.5856136416232,-148.576109684999
91.0981406914353,-147.576109684999
91.6186185757153,-146.576109684999
92.1569172559099,-145.576109684999
92.7027429712847,-144.576109684999
93.256993052535,-143.576109684999
93.8148999045484,-142.576109684999
94.3760885743735,-141.58173539133
94.9445797048956,-140.59419808037
95.518738152017,-139.614887153082
96.1014675283595,-138.645375874219
96.6809767321396,-137.687422233275
97.2564827838055,-136.742963960258
97.8361283402064,-135.81410686658
98.412303685288,-134.903105896534
98.9829399456956,-134.012338565361
99.5413100360917,-133.144270816184
100.086099300093,-132.301415733581
100.62040350093,-131.486285983037
101.137142657416,-130.701341274686
101.634780929911,-129.948932544908
102.111759940879,-129.231244878281
102.566559987642,-128.55024142506
103.002343502839,-127.907610681078
103.412376469139,-127.304719471065
103.800326109828,-126.742573806113
104.164623935435,-126.221789476278
108.345634397246,-122.083051217256
108.850817547742,-121.59727920242
109.395107089061,-121.074416507445
109.977764660202,-120.515205707552
110.597695822188,-119.920712121483
111.253486608836,-119.292285855046
111.943448943403,-118.631516040696
112.665672630988,-117.940179602155
113.418081360766,-117.231438507007
114.198490048158,-116.504079305333
114.999035211026,-115.761686056423
115.816267561923,-115.008011315053
116.646606286415,-114.246930379122
117.486372990262,-113.482396262452
118.331822389769,-112.718395497643
119.179170276132,-111.958904621422
120.024619675638,-111.207847046642
120.864386379485,-110.469049998866
121.694725103978,-109.746201293794
122.511957454874,-109.042805941658
123.312502617743,-108.36214285895
124.092911305135,-107.707222308288
124.845320034913,-107.08532799605
125.567543722498,-106.49792660851
126.257506057065,-105.946245760552
126.913296843713,-105.431231242421
127.533228005699,-104.95351153265
128.115885576839,-104.513371507908
128.660175118158,-104.110736812414
129.165358268655,-103.74516977815
131.593877580836,-99.2877991497395
131.837072092037,-98.8067543538728
132.094731156332,-98.2853542339818
132.360300076511,-97.7238243590853
132.63707927042,-97.1227622747747
132.929234398,-96.4831201566694
133.230737230489,-95.806178035104
133.545650796134,-95.0935088392951
133.862279953891,-94.3469368401837
134.18912110717,-93.5684913030441
134.525627778094,-92.7603572835927
134.865783870779,-91.9248255129889
135.213797708347,-91.0642432240085
135.569491570081,-90.1809675860223
135.921652412701,-89.2773231589178
136.279376106665,-88.3555644678968
136.642807419875,-87.4178444658247
137.00668572928,-86.4661893105948
137.376010632007,-85.5024795626458
137.751403201063,-84.5284376196133
138.133680910388,-83.5456209638621
138.518219170769,-82.5554206122873
138.906016886651,-81.5636469959589
139.303677627619,-80.570483978669
139.707723827224,-79.5761096849994
140.114625950978,-78.5761096849994
140.530830713542,-77.5761096849994
140.951446884987,-76.5761096849994
141.390680004767,-75.5761096849994
141.843532608182,-74.5761096849994
142.300407886361,-73.5761096849994
142.761560486298,-72.5761096849994
143.231463231101,-71.5761096849994
143.698547420366,-70.5761096849994
144.17216925854,-69.5761096849994
144.651287882217,-68.5761096849994
145.143870162935,-67.5761096849994
145.637657171794,-66.5761096849994
146.131535722668,-65.5761096849994
146.624333005093,-64.5761096849994
147.1148665978,-63.5761096849994
147.603038696651,-62.5817353913298
148.088856124149,-61.5885723740399
148.571445621322,-60.5967987577114
149.059300078804,-59.6065984061366
149.546660746715,-58.6181560440551
150.02356974117,-57.6316514119821
150.494919038923,-56.6528782976516
150.955596306041,-55.6831971103248
151.415296201068,-54.724119821909
151.863596590975,-53.7773081250425
152.301254659785,-52.8445671506719
152.73350211279,-51.927834209714
153.155374954613,-51.0291621582285
153.567346938811,-50.1506971667564
153.978844871118,-49.2946508987349
154.37896212046,-48.4632673629624
154.767782068182,-47.658784989599
155.14971491215,-46.883394773024
155.518880698832,-46.1391956097336
155.874804153124,-45.4281482150719
156.216829375891,-44.752029208117
156.548752122969,-44.1123870900116
156.864239521569,-43.5105018910907
157.162551941971,-42.9473502150468
157.442973532511,-42.4235772593349
157.709448378207,-41.9394771429037
162.08217957745,-37.1080237006461
162.564591198046,-36.640070951869
163.086997329029,-36.1441488607504
163.649142993981,-35.6225968118222
164.250412402846,-35.078232638875
164.889847196397,-34.5086792525895
165.566173527907,-33.9219695102457
166.277836712624,-33.3218413748716
167.023041887006,-32.7122439812957
167.79979892831,-32.091630343055
168.605969797509,-31.4685398956206
169.439316483534,-30.8468836934092
170.297547836134,-30.2304529818305
171.178363763987,-29.6172263391829
172.079495525606,-29.0206031733641
172.998741132049,-28.4334318338228
173.928369484667,-27.8572327399784
174.865184435617,-27.2986243885599
175.80595016656,-26.7592642075602
176.747397577043,-26.2404370418815
177.68623014373,-25.7430715438219
178.619130778829,-25.2677658145969
179.538188224082,-24.8194033698209
180.440962810456,-24.3971388874205
181.324893158919,-24.0000511160154
182.187335201766,-23.6271701800522
183.030190284369,-23.2775037804325
183.845320034913,-22.9500611586623
184.630264743264,-22.6438738338934
185.382673473042,-22.3580123218862
186.100361139668,-22.091598291081
186.78136459289,-21.8438118880012
187.423995336872,-21.6138942538319
188.026886546885,-21.3965625699725
188.589032211837,-21.1966396398611
189.109816541672,-21.0133807981439
189.589032211837,-20.8460892548165
194.401176124228,-21.5694380639848
194.921960454064,-21.5946285016353
195.484106119016,-21.6245851177964
196.086997329029,-21.6595380915726
196.729628073011,-21.694015678062
197.410631526232,-21.7381269790206
198.128319192859,-21.7928827619928
198.880727922637,-21.8537454796488
199.665672630988,-21.9263049566508
200.480802381532,-22.0004031253512
201.323657464135,-22.0804334648549
202.191725213312,-22.1604981397384
203.082492544485,-22.250285059489
203.993493514531,-22.3503986718068
204.922350608209,-22.461543934372
205.866808881226,-22.5789167721585
206.824762522171,-22.7022574297301
207.794273801033,-22.8368928508787
208.773584728321,-22.9836950827957
209.761122039281,-23.1436714725131
210.75549633295,-23.3067160584447
211.75549633295,-23.482939023505
212.75549633295,-23.6779765300285
213.75549633295,-23.877306581848
214.75549633295,-24.0855361574027
215.74987062662,-24.2969517032375
216.737407937579,-24.5213722503621
217.716718864867,-24.7482059696344
218.68623014373,-24.9823625354714
219.644183784674,-25.2229544391922
220.588642057692,-25.4689214244885
221.51749915137,-25.7190359814776
222.428500121416,-25.967333212841
223.319267452589,-26.2177666910006
224.187335201766,-26.473155010004
225.030190284369,-26.7216240455838
225.845320034913,-26.9669460124312
226.630264743264,-27.2072913924902
227.382673473042,-27.4454822360876
228.100361139668,-27.669817477141
228.78136459289,-27.879830397015
229.423995336872,-28.08425254575
230.026886546885,-28.2717873242369
230.589032211837,-28.4470585008568
231.109816541672,-28.6093331599572
234.942632716468,-31.1957519848911
235.412256062763,-31.400892768336
235.921275430125,-31.6225914710921
236.469309937094,-31.8609680630174
237.055593956676,-32.1161397396577
237.679001752296,-32.3826212414103
238.33808307081,-32.6650160554605
239.031108005187,-32.9521553366808
239.756118983813,-33.2474097957171
240.510987423725,-33.5494830800563
241.293472421942,-33.8626316655984
242.101278860487,-34.1810097030011
242.932112461935,-34.4976864785804
243.783729636579,-34.8213618818842
244.653980382145,-35.146074537315
245.540842997561,-35.4704283682624
246.442449914105,-35.7986444181049
247.357104489925,-36.1192798272032
248.283289119623,-36.4411643303077
249.219665447041,-36.7585289807375
250.165067811978,-37.0702365255345
251.118491295299,-37.375210682258
252.074492879729,-37.6678652764703
253.037808666324,-37.953793890696
254.003087603172,-38.2320429059765
254.970551624599,-38.5017882205964
255.940366582406,-38.7633823043373
256.907015544017,-39.0116984429436
257.869340188403,-39.2472214434673
258.825951533694,-39.4704271495588
259.775229173685,-39.6909507545288
260.715326690996,-39.9028983679809
261.644183784675,-40.1061196907021
262.559545510426,-40.3005615285891
263.458988842553,-40.481663493142
264.339956525301,-40.6549728882056
265.199797890806,-40.8204618952856
266.035815990699,-40.97355514447
266.845320034913,-41.1151696353234
267.630264743264,-41.2460936903321
268.382673473042,-41.3715787947633
269.100361139669,-41.491299342423
269.78136459289,-41.6095618724955
270.423995336872,-41.7160877786952
271.026886546885,-41.8117314800673
271.589032211837,-41.8972441003281
272.109816541672,-41.9778731068922
276.401176124229,-42.1538165577321
276.921960454064,-42.2256573644464
277.484106119016,-42.2956996496583
278.086997329029,-42.3736961599326
278.729628073011,-42.4547243947396
279.410631526232,-42.538412097361
280.128319192859,-42.6187360591684
280.880727922637,-42.7053212483328
281.665672630988,-42.793149608089
282.480802381532,-42.8817863348752
283.323657464135,-42.9708039040431
284.191725213312,-43.0654137272796
285.082492544485,-43.1664307738556
285.993493514531,-43.2748696282259
286.922350608209,-43.3863268027653
287.866808881226,-43.4953972016897
288.824762522171,-43.6067426784228
289.794273801033,-43.7204415186275
290.773584728321,-43.8421803080618
291.761122039281,-43.9731961016914
292.755496332951,-44.1036000221758
293.74987062662,-44.2380726961415
294.73740793758,-44.3720429936128
295.716718864868,-44.5108891322185
296.68623014373,-44.6588438070935
297.644183784675,-44.8053930361075
298.588642057692,-44.9555717740953
299.51749915137,-45.108674476679
300.428500121415,-45.2638882634354
301.319267452589,-45.4203057119559
302.187335201766,-45.576942651055
303.030190284369,-45.7327602959019
303.845320034913,-45.8821078181506
304.630264743264,-46.0293856320628
305.382673473042,-46.1688271321459
306.100361139669,-46.3093720962223
306.78136459289,-46.4443938415953
307.423995336872,-46.5775958687772
308.026886546885,-46.6981853612222
308.589032211837,-46.8111852839757
309.109816541672,-46.9161508356598
313.200864545998,-49.0676620667133
313.645873509979,-49.4170827373293
314.114176686613,-49.7890870778227
314.602856200097,-50.1818838784085
315.108528943193,-50.5932282148623
315.627415103399,-51.0204530031149
316.155421874055,-51.4605161629273
316.688239291225,-51.9100622362045
317.221444494523,-52.3654965453991
317.750610265605,-52.8230692886823
318.271413480866,-53.2789663985984
318.779739138204,-53.7294035811246
319.271775878243,-54.1707197341086
319.744099398629,-54.5994659369597
320.193740822143,-55.0124864115705
320.618237879935,-55.4069882666016
317.109816541672,-56.1467041465135
316.589032211837,-56.3479324241367
316.026886546885,-56.5583452258369
315.423995336872,-56.7763305958246
314.78136459289,-56.9944695249022
314.100361139669,-57.2208755278884
313.382673473042,-57.4433239648931
312.630264743264,-57.6641938899091
311.845320034913,-57.8813101010912
311.030190284369,-58.0925850445207
310.187335201766,-58.2904478599388
309.319267452589,-58.4831842171428
308.428500121415,-58.67030347494
307.51749915137,-58.8404970190862
306.588642057692,-58.99737490785
305.644183784675,-59.1346311944921
304.68623014373,-59.2619177141247
303.716718864867,-59.38016112009
302.73740793758,-59.4794724949283
301.74987062662,-59.5704645534803
300.755496332951,-59.6493370105232
299.75549633295,-59.7170582807273
298.75549633295,-59.7736999013145
297.75549633295,-59.8204681088013
296.755496332951,-59.8494543978848
295.75549633295,-59.8728677251363
294.75549633295,-59.8881304818419
293.75549633295,-59.9072880863665
292.75549633295,-59.9221110931427
291.755496332951,-59.9287565759596
290.755496332951,-59.9388405389547
289.75549633295,-59.9582984841789
288.75549633295,-59.9773305377112
287.75549633295,-60.0119391139978
286.75549633295,-60.0579514925726
285.755496332951,-60.1056429887291
284.75549633295,-60.1598172285448
283.75549633295,-60.221622625039
282.75549633295,-60.2910572878549
281.75549633295,-60.3680085711868
280.75549633295,-60.4578773658201
279.75549633295,-60.5502869269799
278.755496332951,-60.6560520775421
277.755496332951,-60.7645992506772
276.75549633295,-60.8855206688808
275.75549633295,-61.0182775155229
274.75549633295,-61.1522032017249
273.75549633295,-61.2911812502298
272.75549633295,-61.4390157861537
271.75549633295,-61.596055520075
270.75549633295,-61.7627547721367
269.75549633295,-61.9330250299756
268.75549633295,-62.1063661058652
267.75549633295,-62.2787061263762
266.75549633295,-62.4651785664304
265.75549633295,-62.6552042427587
264.75549633295,-62.8530007088278
263.75549633295,-63.0537776635865
262.75549633295,-63.25378209634
261.75549633295,-63.468476864125
260.75549633295,-63.6773971630467
259.761122039281,-63.8959867518741
258.767959021991,-64.1250326452233
257.781811111993,-64.3700335200126
256.804073449459,-64.616346221651
255.836320160089,-64.8740963260843
254.880304249153,-65.1330619932224
253.937951787548,-65.3985776474572
253.011349638164,-65.6656416677578
252.102726183358,-65.9391636786897
251.214424795308,-66.2228744105886
250.348870130709,-66.5057303428327
249.508527713591,-66.792215924613
248.69585767318,-67.0810612800711
247.91326390121,-67.3662998206082
247.16304025601,-67.6473410517957
246.447315739637,-67.9325502015676
245.768000782251,-68.214604648113
245.126736862998,-68.487234208256
244.524851664077,-68.7588470424481
243.963321789181,-69.0176805762676
243.4427447839,-69.2677600919853
242.96332178918,-69.5076384321808
242.524851664077,-69.7314657949952
238.109816541672,-72.0232800216532
237.589032211837,-72.3879118129759
237.026886546885,-72.7801323573
236.423995336872,-73.2047593983779
235.78136459289,-73.6617804800402
235.100361139668,-74.1509443097859
234.382673473042,-74.6717755180446
233.630264743264,-75.2235950112994
232.845320034913,-75.8055449000495
232.035815990699,-76.4166167937912
231.199797890806,-77.0556821393488
230.339956525301,-77.721523241875
229.458988842553,-78.4128636498754
228.565171216756,-79.1283967013733
227.656646473715,-79.8668112074748
226.747267176369,-80.6268134777122
225.830643272903,-81.407145151408
224.920627450835,-82.2009708659327
224.022036148401,-83.0115530218392
223.134180398285,-83.8319981058214
222.260893049396,-84.6598846176032
221.405917734538,-85.4926732418766
220.577460275202,-86.3231194322255
219.778100736259,-87.1493255854339
219.010365778642,-87.9691348234551
218.276671294554,-88.7893242477552
217.579262942906,-89.6009521652293
216.920156801471,-90.396093609625
216.301082555227,-91.1723012020398
215.723431716343,-91.9270344361128
215.188213303225,-92.657721414292
214.696019186926,-93.3618251068039
214.247000947283,-94.0369116018479
213.840859584979,-94.6853005935664
213.476848836928,-95.2994938912369
213.153792178561,-95.8778972601945
212.870112911678,-96.4238259557521
212.623876077856,-96.9309075931056
212.412840350997,-97.3987729499066
214.857537340207,-102.054935201019
215.031693811948,-102.504576624533
215.218624813603,-102.97772325953
215.4174003793,-103.471381800716
215.62681822188,-103.982080293875
215.845423679909,-104.5059388297
216.071539594868,-105.03875624687
216.303305095563,-105.576109684999
216.53872177146,-106.113463123129
216.775705306972,-106.646280540299
217.012140353428,-107.170139076124
217.245936254356,-107.680837569283
217.475081222057,-108.174496110469
217.697692687768,-108.647642745466
217.912061801687,-109.09728416898
218.116690421733,-109.520958112161
222.380487051516,-112.296186667955
222.891471732927,-112.685378586306
223.44205975996,-113.107091487763
224.025829895716,-113.561233934149
224.646022477649,-114.047473526388
225.295317717235,-114.565259359873
225.976135113854,-115.108224542706
226.686060240046,-115.679884363284
227.422497265471,-116.279038165033
228.177117160368,-116.904391050777
228.951598726509,-117.548966429954
229.743069295229,-118.21580793911
230.548760209197,-118.90337920475
231.366073022473,-119.610178359147
232.187011418599,-120.334765104186
233.013894286831,-121.075782849141
233.844758564778,-121.831975777011
234.672343409552,-122.596575239541
235.494145576236,-123.367347330538
236.307830672475,-124.142003535323
237.111220441174,-124.918194462979
237.902275128023,-125.693505241737
238.67449020527,-126.460871073807
239.426928235663,-127.218632712316
240.158588592346,-127.964933377469
240.868407698915,-128.7069144123
241.555264960652,-129.431480642295
242.217994933261,-130.136670697679
242.85540587159,-130.820450958848
243.466304352477,-131.480766142889
244.049525207049,-132.115593358533
244.603965565668,-132.722997666165
245.128621449889,-133.301187053245
245.62262507282,-133.853147664055
246.085280857784,-134.37205576788
246.516098170596,-134.861565503697
246.914818887497,-135.315579121097
